version https://git-lfs.github.com/spec/v1
oid sha256:99e012ac53f4c1f7fbd44a6e6fec632a5df1e12bfa2de49f955a8d2831dbd0dd
size 323240
